TSP: Dynamic Programming
[Description]
교재/강의자료를 참고하여 Algorithm 3.11 Dynamic Programming for the TSP 알고리즘을 구현하시오.


[Input]
첫째 줄에 정점의 수 N과 간선의 수 M이 주어진다.

둘째 줄부터 M개의 줄에 한 줄에 하나씩 간선의 정보 (u, v, w)가 주어진다.

주어지는 간선의 정보는 방향이 있는 간선(directed edge)임에 유의하시오.


[Output]
첫째 줄에 최단 투어의 길이(minlength)를 출력한다.

둘째 줄에 최단 투어의 경로를 출력한다. (출발점은 항상 1번 정점이고, 종착점도 항상 1번 정점이다.)

다음 줄부터 한 줄에 하나씩 D 테이블의 무한이 아닌 값을 (i, j, D[i][j]) 출력한다.

출력은 i의 오름차순, j의 오름차순으로 출력한다.

INF의 값은999이면 충분하다.

[Input 1]
4 9
1 2 2
1 3 9
2 1 1
2 3 6
2 4 4
3 2 7
3 4 8
4 1 6
4 2 3

[Output 1]
21
1 3 4 2 1
1 7 21
2 0 1
2 4 10
2 6 20
3 1 8
3 4 14
3 5 12
4 0 6
4 1 4

[Input 2]
5 20
1 2 8
1 3 13
1 4 18
1 5 20
2 1 3
2 3 7
2 4 8
2 5 10
3 1 4
3 2 11
3 4 10
3 5 7
4 1 6
4 2 6
4 3 7
4 5 11
5 1 10
5 2 6
5 3 2
5 4 1

[Output 2]
29
1 2 3 5 4 1
1 15 29
2 0 3
2 2 11
2 4 14
2 6 19
2 8 20
2 10 16
2 12 17
2 14 21
3 0 4
3 1 14
3 4 16
3 5 19
3 8 17
3 9 16
3 12 14
3 13 17
4 0 6
4 1 9
4 2 11
4 3 17
4 8 21
4 9 20
4 10 17
4 11 22
5 0 10
5 1 9
5 2 6
5 3 16
5 4 7
5 5 10
5 6 12
5 7 18